1	19	61
2	72	24
3	14	50
4	19	90
5	36	12
6	73	2
7	60	85
8	98	84
9	42	19
10	42	11
11	52	83
12	88	24
13	78	2
14	89	34
15	40	8
16	96	59
17	69	97
18	59	21
19	17	93
20	82	9
21	27	38
22	89	51
23	83	77
24	75	65
25	34	4
26	3	74
27	89	56
28	7	30
29	53	48
30	84	68
31	97	44
32	39	50
33	13	76
34	93	57
35	48	62
36	48	1
37	79	32
38	32	92
39	28	2
40	92	37
41	97	23
42	66	99
43	56	17
44	80	17
45	69	76
46	51	18
47	58	35
48	0	56
49	10	22
50	39	14
51	83	25
52	95	78
53	80	39
54	45	18
55	80	34
56	85	65
57	4	8
58	14	40
59	43	78
60	18	62
61	2	54
62	93	69
63	89	22
64	96	21
65	79	44
66	60	2
67	56	54
68	61	60
69	5	77
70	66	34
71	78	52
72	79	47
73	42	25
74	43	26
75	87	47
76	84	34
77	8	58
78	27	42
79	14	45
80	84	13
81	65	81
82	6	10
83	40	64
84	53	56
85	31	93
86	27	2
87	65	66
88	8	87
89	28	76
90	82	82
91	5	66
92	16	89
93	18	53
94	24	31
95	83	99
96	90	16
97	94	72
98	90	45
99	88	97
100	67	71
101	15	3
102	35	63
103	21	83
104	71	77
105	12	58
106	92	89
107	48	95
108	13	34
109	7	61
110	18	85
111	22	1
112	79	70
113	7	43
114	2	74
115	52	62
116	99	91
117	80	31
118	21	70
119	37	55
120	10	17
121	17	51
122	93	21
123	74	61
124	48	51
125	40	76
126	53	42
127	24	88
128	37	8
129	15	78
130	48	65
131	99	76
132	58	14
133	58	69
134	33	33
135	76	3
136	9	48
137	78	48
138	11	24
139	88	99
140	7	84
141	70	73
142	54	75
143	22	24
144	75	56
145	46	35
146	84	32
147	35	77
148	22	60
149	1	5
150	22	78
151	63	44
152	8	60
153	14	80
154	18	77
155	87	85
156	55	56
157	52	34
158	21	55
159	83	34
160	47	49
161	27	77
162	61	13
163	62	64
164	18	92
165	6	56
166	45	23
167	89	27
168	38	21
169	7	57
170	92	75
171	23	81
172	31	11
173	93	4
174	54	51
175	31	60
176	0	82
177	76	34
178	8	65
179	56	56
180	27	73
181	79	37
182	4	89
183	48	6
184	82	43
185	18	51
186	10	45
187	96	13
188	66	74
189	16	66
190	95	42
191	96	45
192	50	76
193	33	90
194	29	93
195	67	88
196	12	39
197	9	54
198	98	26
199	98	38
200	63	60
201	28	84
202	60	80
203	66	73
204	20	44
205	54	52
206	98	64
207	83	37
208	79	81
209	7	88
210	32	97
211	53	15
212	75	8
213	80	19
214	11	72
215	42	96
216	51	38
217	95	56
218	83	5
219	98	43
220	55	12
221	72	66
222	25	76
223	72	22
224	55	90
225	54	73
226	79	45
227	27	59
228	36	0
229	98	91
230	14	29
231	40	21
232	3	10
233	44	94
234	32	59
235	25	49
236	25	93
237	9	40
238	69	52
239	36	85
240	88	89
241	72	43
242	64	75
243	39	66
244	37	94
245	51	46
246	5	74
247	43	84
248	22	35
249	81	18
250	67	8
251	40	31
252	93	99
253	46	12
254	95	3
255	94	86
256	97	29
257	32	44
258	14	18
259	79	99
260	72	5
261	88	63
262	63	87
263	52	87
264	27	47
265	65	85
266	10	51
267	73	24
268	2	34
269	14	16
270	75	72
271	11	20
272	24	72
273	18	46
274	3	48
275	43	86
276	26	45
277	28	6
278	3	79
279	46	25
280	86	16
281	61	46
282	20	13
283	0	59
284	51	96
285	76	25
286	24	5
287	94	53
288	34	13
289	72	50
290	89	70
291	38	53
292	82	57
293	15	8
294	74	3
295	90	9
296	27	26
297	12	65
298	35	16
299	19	37
300	66	81
301	93	3
302	14	25
303	89	47
304	44	1
305	65	34
306	12	52
307	39	43
308	29	98
309	43	15
310	26	62
311	73	75
312	0	17
313	85	36
314	93	34
315	2	91
316	82	78
317	2	25
318	97	17
319	56	6
320	74	46
321	53	0
322	47	86
323	76	85
324	95	23
325	54	18
326	22	62
327	71	65
328	73	18
329	20	8
330	94	49
331	24	29
332	36	80
333	97	63
334	73	77
335	43	41
336	91	21
337	18	50
338	41	10
339	76	76
340	99	63
341	77	9
342	99	10
343	89	5
344	34	93
345	71	80
346	77	45
347	55	66
348	19	5
349	56	94
350	49	52
351	23	98
352	79	58
353	2	12
354	54	68
355	56	8
356	36	72
357	47	95
358	43	94
359	68	77
360	52	53
361	96	40
362	65	65
363	94	58
364	89	14
365	8	25
366	81	33
367	62	12
368	44	21
369	58	26
370	83	91
371	77	64
372	76	8
373	81	24
374	25	85
375	5	3
376	31	14
377	29	3
378	17	4
379	42	46
380	41	42
381	98	96
382	28	41
383	39	61
384	5	55
385	13	63
386	31	76
387	23	33
388	39	31
389	13	80
390	6	48
391	7	9
392	83	62
393	92	12
394	76	50
395	65	93
396	47	29
397	82	75
398	91	64
399	57	99
400	76	29
401	42	88
402	42	81
403	27	63
404	8	68
405	86	7
406	82	52
407	7	49
408	72	58
409	40	10
410	1	88
411	31	74
412	13	99
413	72	83
414	49	31
415	71	29
416	28	14
417	85	16
418	68	3
419	26	52
420	88	30
421	99	27
422	13	18
423	40	66
424	35	21
425	46	90
426	31	27
427	75	50
428	18	57
429	68	69
430	33	54
431	57	85
432	82	46
433	5	62
434	74	64
435	13	19
436	60	14
437	23	95
438	11	88
439	12	85
440	43	30
441	9	91
442	52	58
443	24	50
444	90	11
445	2	23
446	53	11
447	8	20
448	72	4
449	71	17
450	86	69
451	7	65
452	66	45
453	57	36
454	95	9
455	19	26
456	44	32
457	28	69
458	11	90
459	95	29
460	30	81
461	37	23
462	0	73
463	43	17
464	15	36
465	65	58
466	47	75
467	68	61
468	47	46
469	81	45
470	19	39
471	72	28
472	50	59
473	76	17
474	52	99
475	87	4
476	29	68
477	41	54
478	51	91
479	18	16
480	66	11
481	83	18
482	5	19
483	22	83
484	15	33
485	19	25
486	55	89
487	48	97
488	47	37
489	83	33
490	63	73
491	13	24
492	23	93
493	38	61
494	70	57
495	86	55
496	63	79
497	71	88
498	50	83
499	15	68
500	62	81
501	85	2
502	12	73
503	78	39
504	25	90
505	76	39
506	19	84
507	14	71
508	13	92
509	33	47
510	6	59
511	85	54
512	76	94
513	4	5
514	0	24
515	91	26
516	20	56
517	55	17
518	83	2
519	61	21
520	89	29
521	65	0
522	49	89
523	55	58
524	24	81
525	63	56
526	70	50
527	60	40
528	66	36
529	21	80
530	8	8
531	38	84
532	66	28
533	19	36
534	0	5
535	77	75
536	38	7
537	24	40
538	43	0
539	92	51
540	7	3
541	70	36
542	79	16
543	33	94
544	87	95
545	2	29
546	48	31
547	19	83
548	4	94
549	49	39
550	52	98
551	70	2
552	11	49
553	93	32
554	74	6
555	36	8
556	64	28
557	60	8
558	54	62
559	41	18
560	42	94
561	87	26
562	95	1
563	36	48
564	95	22
565	33	55
566	15	25
567	86	17
568	0	97
569	52	36
570	2	44
571	7	25
572	28	15
573	83	54
574	45	98
575	50	58
576	29	85
577	22	32
578	78	8
579	27	40
580	69	34
581	85	40
582	68	55
583	89	73
584	53	39
585	91	57
586	33	68
587	47	68
588	21	13
589	86	25
590	44	7
591	34	90
592	28	35
593	42	75
594	73	57
595	33	34
596	64	73
597	0	20
598	38	2
599	78	30
600	1	83
601	37	56
602	44	60
603	0	15
604	69	57
605	82	7
606	51	89
607	61	56
608	6	16
609	93	98
610	20	0
611	16	36
612	54	59
613	37	31
614	5	70
615	27	28
616	8	34
617	56	89
618	96	53
619	98	63
620	61	29
621	41	36
622	39	6
623	87	92
624	4	42
625	59	98
626	52	93
627	0	92
628	92	53
629	28	8
630	94	88
631	5	30
632	38	4
633	86	71
634	62	75
635	90	56
636	43	56
637	80	25
638	24	83
639	61	3
640	53	1
641	37	73
642	65	22
643	92	60
644	64	65
645	48	7
646	3	11
647	46	72
648	81	84
649	14	8
650	6	49
651	35	61
652	31	55
653	92	57
654	92	26
655	27	33
656	40	61
657	78	94
658	75	45
659	65	6
660	93	90
661	27	97
662	47	17
663	86	67
664	46	80
665	6	83
666	11	53
667	62	48
668	33	65
669	17	52
670	92	54
671	17	74
672	3	3
673	39	17
674	2	89
675	76	21
676	82	14
677	82	1
678	45	0
679	39	91
680	45	58
681	50	87
682	61	72
683	21	5
684	27	29
685	66	63
686	68	37
687	23	42
688	96	32
689	39	92
690	52	70
691	64	46
692	12	82
693	50	6
694	12	42
695	45	94
696	99	36
697	30	92
698	82	3
699	56	36
700	29	7
701	49	26
702	1	64
703	98	92
704	94	10
705	27	69
706	19	54
707	8	37
708	4	48
709	47	27
710	55	97
711	98	12
712	95	16
713	70	33
714	6	80
715	85	69
716	88	7
717	84	5
718	32	54
719	53	22
720	68	12
721	70	26
722	36	79
723	43	16
724	97	41
725	81	25
726	82	74
727	84	72
728	75	52
729	59	92
730	82	23
731	95	65
732	31	30
733	74	70
734	87	13
735	26	74
736	68	52
737	70	58
738	25	54
739	40	93
740	17	71
741	33	40
742	98	23
743	53	26
744	53	47
745	12	43
746	61	22
747	67	74
748	97	51
749	44	80
750	71	46
751	94	39
752	64	55
753	75	98
754	71	64
755	63	34
756	20	19
757	47	92
758	26	54
759	45	2
760	6	2
761	36	31
762	47	12
763	0	85
764	85	70
765	58	67
766	20	35
767	28	39
768	71	78
769	42	62
770	84	59
771	10	83
772	90	13
773	29	6
774	12	80
775	7	60
776	38	60
777	76	80
778	41	63
779	51	70
780	4	22
781	7	50
782	30	3
783	33	83
784	25	40
785	28	5
786	56	88
787	37	95
788	76	24
789	90	19
790	87	28
791	71	59
792	11	74
793	4	21
794	40	29
795	92	84
796	68	24
797	12	86
798	60	43
799	37	29
800	12	90
801	21	57
802	22	25
803	11	21
804	76	35
805	42	44
806	23	25
807	73	95
808	59	68
809	36	53
810	97	42
811	87	78
812	85	34
813	93	95
814	9	62
815	41	20
816	87	39
817	58	49
818	37	39
819	41	77
820	74	90
821	31	2
822	3	41
823	85	93
824	99	31
825	32	77
826	30	40
827	42	49
828	95	49
829	61	9
830	55	1
831	16	98
832	8	51
833	94	11
834	81	8
835	5	13
836	97	33
837	42	34
838	20	51
839	53	50
840	63	9
841	54	54
842	57	41
843	47	98
844	74	91
845	94	68
846	17	49
847	38	44
848	34	96
849	54	64
850	14	65
851	29	83
852	10	38
853	14	37
854	27	18
855	28	18
856	38	91
857	65	37
858	49	80
859	25	52
860	15	94
861	69	1
862	14	46
863	56	78
864	78	25
865	41	27
866	2	85
867	24	35
868	68	63
869	7	48
870	2	79
871	31	43
872	11	84
873	89	99
874	48	53
875	8	24
876	54	8
877	4	30
878	15	0
879	99	17
880	72	78
881	77	63
882	61	2
883	53	55
884	85	56
885	11	44
886	53	73
887	78	56
888	77	66
889	32	36
890	55	98
891	79	90
892	30	72
893	71	99
894	89	7
895	14	85
896	62	73
897	72	27
898	47	33
899	6	28
900	47	96
901	56	81
902	48	47
903	13	61
904	39	90
905	47	52
906	82	16
907	96	84
908	51	95
909	27	0
910	37	21
911	27	52
912	2	21
913	25	62
914	67	21
915	11	56
916	0	37
917	98	52
918	40	32
919	95	99
920	61	50
921	57	74
922	79	75
923	36	45
924	66	9
925	54	5
926	62	76
927	44	59
928	24	52
929	12	88
930	72	11
931	73	35
932	94	70
933	47	18
934	69	19
935	85	20
936	55	54
937	16	10
938	11	17
939	9	25
940	0	49
941	23	70
942	76	45
943	47	78
944	16	96
945	86	50
946	95	59
947	52	13
948	99	88
949	10	54
950	74	50
951	3	66
952	20	16
953	38	22
954	76	73
955	43	23
956	19	0
957	87	18
958	68	75
959	3	49
960	66	43
961	11	5
962	73	45
963	35	92
964	13	20
965	27	75
966	65	36
967	35	60
968	13	70
969	95	79
970	17	30
971	21	2
972	37	71
973	81	43
974	2	41
975	6	88
976	32	55
977	45	91
978	62	43
979	41	48
980	30	1
981	33	67
982	22	29
983	95	90
984	0	2
985	55	74
986	57	2
987	64	0
988	18	55
989	98	72
990	65	28
991	81	80
992	54	39
993	33	61
994	74	95
995	45	78
996	49	96
997	55	15
998	8	73
999	90	90
1000	98	53
