1	19	93
2	87	36
3	7	42
4	17	95
5	56	27
6	16	10
7	97	28
8	15	97
9	62	37
10	90	81
11	52	28
12	28	82
13	37	74
14	54	0
15	78	62
16	54	57
17	36	20
18	66	60
19	92	42
20	14	4
21	46	55
22	53	66
23	71	59
24	53	48
25	69	35
26	76	14
27	80	6
28	69	67
29	20	96
30	26	81
31	43	59
32	12	48
33	45	85
34	49	53
35	4	34
36	36	33
37	83	92
38	54	63
39	15	0
40	13	36
41	42	41
42	59	7
43	24	34
44	23	11
45	77	53
46	74	48
47	60	15
48	94	3
49	64	94
50	27	43
51	39	21
52	48	15
53	22	74
54	96	50
55	38	65
56	76	69
57	37	55
58	75	82
59	10	82
60	59	44
61	59	82
62	15	47
63	31	59
64	89	30
65	14	56
66	1	65
67	13	61
68	79	15
69	23	97
70	57	49
71	17	7
72	48	2
73	30	87
74	9	25
75	54	92
76	28	26
77	96	69
78	13	86
79	47	58
80	31	7
81	71	49
82	62	21
83	8	56
84	66	76
85	99	40
86	12	84
87	52	72
88	5	42
89	89	32
90	89	60
91	27	83
92	18	1
93	57	73
94	81	64
95	62	79
96	55	97
97	36	9
98	9	82
99	18	85
100	0	8
101	46	22
102	50	69
103	63	64
104	48	68
105	17	52
106	43	76
107	32	75
108	47	88
109	14	35
110	87	74
111	85	81
112	34	43
113	84	94
114	35	80
115	5	72
116	16	6
117	1	49
118	29	72
119	79	71
120	26	91
121	17	38
122	74	56
123	86	28
124	22	27
125	44	91
126	8	93
127	39	23
128	34	70
129	34	20
130	92	20
131	73	23
132	3	30
133	45	65
134	56	40
135	68	62
136	58	59
137	4	79
138	85	47
139	41	41
140	29	25
141	18	70
142	34	16
143	64	59
144	2	82
145	95	13
146	1	99
147	41	90
148	60	5
149	98	67
150	49	36
151	54	71
152	90	38
153	0	16
154	54	54
155	73	79
156	11	93
157	97	7
158	66	35
159	9	98
160	33	5
161	88	49
162	9	56
163	63	90
164	6	57
165	20	15
166	90	69
167	4	82
168	89	6
169	54	48
170	12	0
171	46	21
172	76	62
173	45	6
174	23	65
175	56	91
176	61	51
177	95	11
178	94	27
179	52	94
180	26	20
181	49	96
182	11	67
183	43	12
184	83	91
185	49	50
186	66	97
187	57	42
188	64	85
189	93	79
190	54	25
191	18	42
192	84	38
193	9	27
194	14	27
195	69	45
196	26	96
197	1	25
198	72	97
199	48	17
200	11	53
201	45	66
202	66	88
203	69	78
204	62	64
205	45	19
206	76	48
207	67	97
208	76	55
209	58	33
210	79	23
211	95	43
212	53	6
213	79	95
214	95	92
215	98	50
216	63	86
217	8	33
218	17	30
219	1	22
220	28	58
221	72	3
222	13	39
223	75	93
224	65	87
225	63	67
226	61	77
227	69	13
228	22	23
229	97	75
230	57	82
231	40	32
232	80	31
233	34	9
234	91	78
235	98	95
236	31	3
237	6	28
238	96	87
239	49	67
240	33	67
241	24	53
242	9	7
243	32	69
244	13	70
245	78	58
246	97	26
247	37	81
248	66	25
249	57	69
250	40	67
251	84	31
252	74	18
253	42	77
254	82	7
255	99	4
256	42	34
257	37	27
258	67	93
259	89	19
260	12	49
261	73	37
262	51	58
263	38	64
264	27	86
265	73	43
266	43	21
267	49	90
268	39	45
269	72	2
270	4	99
271	17	99
272	83	32
273	36	80
274	37	86
275	12	80
276	63	79
277	8	4
278	19	69
279	84	75
280	34	14
281	92	73
282	67	85
283	47	86
284	53	5
285	49	41
286	45	44
287	96	48
288	53	25
289	55	21
290	53	64
291	48	30
292	53	82
293	55	74
294	42	6
295	26	41
296	12	20
297	19	88
298	62	84
299	32	52
300	88	89
301	63	52
302	33	10
303	58	38
304	17	78
305	84	96
306	17	71
307	28	40
308	81	47
309	53	85
310	52	18
311	78	4
312	10	22
313	76	68
314	58	78
315	67	1
316	36	18
317	36	26
318	54	14
319	68	38
320	38	61
321	71	81
322	6	41
323	25	7
324	99	92
325	54	37
326	13	19
327	3	4
328	22	42
329	56	25
330	58	32
331	59	10
332	24	5
333	10	66
334	41	69
335	62	56
336	0	65
337	68	13
338	76	70
339	7	12
340	82	57
341	0	34
342	32	42
343	49	0
344	42	23
345	31	15
346	15	20
347	28	32
348	61	75
349	65	33
350	22	69
351	3	75
352	82	8
353	5	91
354	34	98
355	37	42
356	59	6
357	61	71
358	59	41
359	42	94
360	20	84
361	70	45
362	26	7
363	78	38
364	32	50
365	15	35
366	9	21
367	39	43
368	17	50
369	40	96
370	22	95
371	61	36
372	79	84
373	1	11
374	91	65
375	78	8
376	65	4
377	3	28
378	93	88
379	2	33
380	53	35
381	93	66
382	13	76
383	16	88
384	31	82
385	23	75
386	70	22
387	83	24
388	45	7
389	7	41
390	94	31
391	38	25
392	89	90
393	26	42
394	76	78
395	6	63
396	89	20
397	59	20
398	14	36
399	43	17
400	4	63
401	44	21
402	16	64
403	26	39
404	31	12
405	2	5
406	53	42
407	19	62
408	6	17
409	62	48
410	65	86
411	87	98
412	21	47
413	90	65
414	57	72
415	11	32
416	6	49
417	25	79
418	24	72
419	73	87
420	18	93
421	69	41
422	57	28
423	31	18
424	43	30
425	78	24
426	75	56
427	44	64
428	78	36
429	45	89
430	62	2
431	34	17
432	23	52
433	1	20
434	64	98
435	81	27
436	4	39
437	75	98
438	89	12
439	96	92
440	24	57
441	85	48
442	87	35
443	92	83
444	36	52
445	98	23
446	94	59
447	94	49
448	45	74
449	16	87
450	66	32
451	77	12
452	53	58
453	72	17
454	28	86
455	99	43
456	9	72
457	54	23
458	19	83
459	89	78
460	45	64
461	22	22
462	6	18
463	0	6
464	76	6
465	82	4
466	57	13
467	49	4
468	3	67
469	73	46
470	16	0
471	24	9
472	58	88
473	29	0
474	16	19
475	74	92
476	57	41
477	63	42
478	64	19
479	16	63
480	86	22
481	51	43
482	41	43
483	36	67
484	62	94
485	58	90
486	7	81
487	15	95
488	72	19
489	80	58
490	20	87
491	2	14
492	41	65
493	64	7
494	56	57
495	0	4
496	91	67
497	4	45
498	3	89
499	84	92
500	52	79
501	2	60
502	91	44
503	70	92
504	2	32
505	8	2
506	17	77
507	33	86
508	40	2
509	55	38
510	57	81
511	2	25
512	98	90
513	6	29
514	31	9
515	51	72
516	52	87
517	60	37
518	23	56
519	23	48
520	12	33
521	7	1
522	51	96
523	96	53
524	13	31
525	91	35
526	75	73
527	86	42
528	37	11
529	60	79
530	8	63
531	10	3
532	86	30
533	48	43
534	24	36
535	54	80
536	66	94
537	37	17
538	68	83
539	20	50
540	4	35
541	29	62
542	75	71
543	73	27
544	87	84
545	53	68
546	41	67
547	52	47
548	85	27
549	15	44
550	32	79
551	70	54
552	53	69
553	21	29
554	21	75
555	94	64
556	80	96
557	19	43
558	35	37
559	36	25
560	2	59
561	6	89
562	43	99
563	31	21
564	21	84
565	54	55
566	23	37
567	95	89
568	91	2
569	78	83
570	73	72
571	81	12
572	22	58
573	41	95
574	69	12
575	14	31
576	9	0
577	94	36
578	65	60
579	41	91
580	80	36
581	53	31
582	83	74
583	33	63
584	32	82
585	56	55
586	48	71
587	15	88
588	89	83
589	37	30
590	45	94
591	24	81
592	87	64
593	26	28
594	82	39
595	84	98
596	9	19
597	70	35
598	45	52
599	28	5
600	2	46
601	17	64
602	17	13
603	22	45
604	30	17
605	94	34
606	17	28
607	27	63
608	23	49
609	29	13
610	43	78
611	95	1
612	47	10
613	23	16
614	36	84
615	25	56
616	51	31
617	4	91
618	68	72
619	77	87
620	8	97
621	65	34
622	84	40
623	91	69
624	43	37
625	93	84
626	99	61
627	18	58
628	12	82
629	87	16
630	22	44
631	92	15
632	0	74
633	93	25
634	74	94
635	99	48
636	62	73
637	50	25
638	66	58
639	8	47
640	38	48
641	74	3
642	25	87
643	3	34
644	11	91
645	98	77
646	13	98
647	68	44
648	66	23
649	82	35
650	22	40
651	38	14
652	37	62
653	65	95
654	22	16
655	93	97
656	61	28
657	97	29
658	75	62
659	90	92
660	99	75
661	66	39
662	88	6
663	7	37
664	22	38
665	59	15
666	95	37
667	39	34
668	98	37
669	46	1
670	1	2
671	61	12
672	0	51
673	84	1
674	30	64
675	1	34
676	15	87
677	84	0
678	21	62
679	23	81
680	98	82
681	77	46
682	56	96
683	49	16
684	83	78
685	61	0
686	22	89
687	8	53
688	38	70
689	26	59
690	99	93
691	86	71
692	78	66
693	56	6
694	74	17
695	50	21
696	3	54
697	47	18
698	30	44
699	22	15
700	33	72
701	62	1
702	30	16
703	3	49
704	32	28
705	26	53
706	39	19
707	66	69
708	76	45
709	81	52
710	7	61
711	44	50
712	73	83
713	11	85
714	22	84
715	7	66
716	63	82
717	25	33
718	51	91
719	3	6
720	61	27
721	65	37
722	58	5
723	98	91
724	11	0
725	62	18
726	18	57
727	90	46
728	14	82
729	97	58
730	4	90
731	75	45
732	64	2
733	81	67
734	88	60
735	35	76
736	97	87
737	71	19
738	4	78
739	54	94
740	44	96
741	70	6
742	98	25
743	14	98
744	48	85
745	14	45
746	40	75
747	54	41
748	87	88
749	97	59
750	92	11
751	41	6
752	0	73
753	55	88
754	3	3
755	42	17
756	37	64
757	22	93
758	30	14
759	7	43
760	30	52
761	25	24
762	37	57
763	57	30
764	70	91
765	18	56
766	87	39
767	94	9
768	75	60
769	18	31
770	52	17
771	70	7
772	84	73
773	28	10
774	12	31
775	66	31
776	82	30
777	49	75
778	39	94
779	58	54
780	83	95
781	17	45
782	40	40
783	66	98
784	61	98
785	53	20
786	61	45
787	9	59
788	29	43
789	54	5
790	53	41
791	84	54
792	41	85
793	0	5
794	66	20
795	74	98
796	39	16
797	41	86
798	70	87
799	24	47
800	75	67
801	51	80
802	75	11
803	33	95
804	85	87
805	40	31
806	39	73
807	6	10
808	4	27
809	16	59
810	57	93
811	55	25
812	25	46
813	5	44
814	98	75
815	58	86
816	99	72
817	38	88
818	55	86
819	18	30
820	46	54
821	61	99
822	67	55
823	7	13
824	37	94
825	45	30
826	18	84
827	64	84
828	44	36
829	12	47
830	54	58
831	13	77
832	74	37
833	20	32
834	7	87
835	58	35
836	1	90
837	85	67
838	64	36
839	79	27
840	50	17
841	11	27
842	94	81
843	67	4
844	21	77
845	12	57
846	5	81
847	7	53
848	68	58
849	79	65
850	89	92
851	1	79
852	42	14
853	50	19
854	56	64
855	27	14
856	20	98
857	56	86
858	3	12
859	47	26
860	72	71
861	35	53
862	3	66
863	90	36
864	67	35
865	98	58
866	89	58
867	45	70
868	61	24
869	14	26
870	19	80
871	88	91
872	20	51
873	77	45
874	44	90
875	56	28
876	59	38
877	24	6
878	91	99
879	10	46
880	24	63
881	30	56
882	37	83
883	70	46
884	87	21
885	98	39
886	21	23
887	61	79
888	33	75
889	72	44
890	13	89
891	22	9
892	56	42
893	42	86
894	53	43
895	93	52
896	32	47
897	44	47
898	9	23
899	51	69
900	43	58
901	2	50
902	64	57
903	24	56
904	80	64
905	62	71
906	5	25
907	38	66
908	69	14
909	30	53
910	16	15
911	45	82
912	43	60
913	42	76
914	94	83
915	4	73
916	7	51
917	19	57
918	12	65
919	90	18
920	68	92
921	23	26
922	27	33
923	54	93
924	58	89
925	60	70
926	21	1
927	37	80
928	68	70
929	47	52
930	11	45
931	21	73
932	42	30
933	39	99
934	96	43
935	58	45
936	98	45
937	95	98
938	74	58
939	25	50
940	45	40
941	34	19
942	14	85
943	50	28
944	11	60
945	8	74
946	84	44
947	92	41
948	0	75
949	70	74
950	56	31
951	86	65
952	96	21
953	8	29
954	64	93
955	42	32
956	96	47
957	20	53
958	38	42
959	17	91
960	82	90
961	24	23
962	94	47
963	40	1
964	45	11
965	39	27
966	41	47
967	63	26
968	2	27
969	74	78
970	31	62
971	30	45
972	68	94
973	90	77
974	11	31
975	97	47
976	29	54
977	54	69
978	38	72
979	65	24
980	40	47
981	50	51
982	61	64
983	34	56
984	15	75
985	44	73
986	4	22
987	25	90
988	45	12
989	34	21
990	88	57
991	49	56
992	50	40
993	17	32
994	78	48
995	95	44
996	18	10
997	70	34
998	94	50
999	16	24
1000	58	44
