1	603
2	513
3	804
4	108
5	607
6	780
7	392
8	509
9	435
10	515
11	615
12	838
13	634
14	155
15	372
16	507
17	470
18	330
19	820
20	721
21	417
22	786
23	887
24	188
25	181
26	863
27	785
28	823
29	271
30	813
31	348
32	439
33	648
34	987
35	181
36	882
37	973
38	427
39	139
40	640
41	902
42	279
43	256
44	379
45	178
46	190
47	593
48	143
49	646
50	258
51	131
52	995
53	370
54	980
55	888
56	149
57	584
58	784
59	347
60	643
61	352
62	124
63	354
64	346
65	849
66	228
67	903
68	131
69	995
70	956
71	693
72	192
73	894
74	121
75	173
76	474
77	416
78	195
79	757
80	560
81	894
82	839
83	385
84	661
85	751
86	548
87	944
88	795
89	377
90	280
91	396
92	455
93	340
94	772
95	289
96	826
97	859
98	546
99	815
100	476
101	242
102	250
103	173
104	243
105	588
106	839
107	831
108	998
109	250
110	466
111	889
112	842
113	293
114	920
115	567
116	249
117	272
118	392
119	904
120	482
121	397
122	101
123	466
124	415
125	686
126	112
127	830
128	513
129	956
130	367
131	265
132	973
133	912
134	246
135	803
136	676
137	518
138	848
139	335
140	598
141	135
142	256
143	901
144	572
145	210
146	789
147	277
148	344
149	777
150	744
151	976
152	959
153	720
154	483
155	703
156	962
157	214
158	673
159	974
160	125
161	708
162	666
163	850
164	128
165	570
166	469
167	359
168	638
169	966
170	199
171	204
172	895
173	942
174	588
175	884
176	576
177	837
178	176
179	824
180	664
181	540
182	659
183	953
184	292
185	622
186	330
187	997
188	378
189	944
190	930
191	683
192	164
193	566
194	835
195	776
196	952
197	405
198	782
199	957
200	126
201	697
202	326
203	565
204	108
205	353
206	987
207	715
208	290
209	642
210	979
211	256
212	278
213	386
214	428
215	547
216	414
217	564
218	220
219	341
220	684
221	546
222	699
223	160
224	650
225	988
226	165
227	347
228	925
229	213
230	765
231	949
232	900
233	400
234	411
235	973
236	410
237	272
238	942
239	797
240	756
241	555
242	315
243	313
244	727
245	136
246	621
247	861
248	495
249	809
250	240
251	913
252	249
253	319
254	461
255	245
256	173
257	876
258	468
259	480
260	195
261	808
262	220
263	561
264	419
265	968
266	283
267	554
268	202
269	969
270	689
271	315
272	634
273	269
274	893
275	999
276	393
277	680
278	453
279	678
280	447
281	255
282	739
283	681
284	132
285	793
286	911
287	341
288	576
289	748
290	803
291	543
292	995
293	356
294	799
295	541
296	401
297	195
298	833
299	178
300	116
301	841
302	422
303	224
304	550
305	176
306	919
307	786
308	777
309	873
310	877
311	182
312	143
313	897
314	611
315	641
316	746
317	258
318	926
319	158
320	158
321	732
322	550
323	917
324	996
325	833
326	657
327	139
328	312
329	502
330	159
331	353
332	245
333	906
334	627
335	161
336	460
337	818
338	418
339	638
340	408
341	958
342	695
343	394
344	667
345	819
346	304
347	567
348	548
349	713
350	266
351	791
352	606
353	581
354	893
355	390
356	369
357	308
358	130
359	715
360	974
361	685
362	740
363	244
364	289
365	517
366	845
367	976
368	844
369	771
370	584
371	167
372	676
373	810
374	104
375	142
376	390
377	901
378	547
379	402
380	353
381	549
382	697
383	614
384	648
385	820
386	231
387	963
388	989
389	756
390	442
391	566
392	304
393	494
394	623
395	520
396	837
397	503
398	452
399	298
400	524
401	152
402	658
403	303
404	193
405	210
406	860
407	455
408	267
409	959
410	412
411	957
412	674
413	949
414	135
415	405
416	736
417	513
418	622
419	298
420	448
421	787
422	830
423	779
424	976
425	927
426	148
427	122
428	367
429	232
430	571
431	916
432	108
433	744
434	427
435	799
436	172
437	240
438	370
439	176
440	360
441	606
442	991
443	352
444	186
445	815
446	519
447	595
448	749
449	656
450	938
451	572
452	709
453	312
454	399
455	514
456	306
457	258
458	787
459	458
460	574
461	305
462	808
463	496
464	254
465	961
466	250
467	659
468	138
469	406
470	407
471	805
472	190
473	341
474	307
475	565
476	716
477	925
478	612
479	539
480	623
481	597
482	162
483	475
484	768
485	918
486	200
487	606
488	161
489	187
490	619
491	825
492	220
493	969
494	713
495	407
496	165
497	920
498	408
499	584
500	163
501	482
502	752
503	769
504	209
505	157
506	142
507	722
508	757
509	204
510	718
511	715
512	309
513	978
514	893
515	915
516	359
517	185
518	135
519	193
520	901
521	514
522	821
523	353
524	915
525	756
526	558
527	392
528	807
529	554
530	681
531	253
532	618
533	786
534	259
535	709
536	799
537	183
538	496
539	500
540	910
541	334
542	434
543	648
544	848
545	603
546	490
547	166
548	266
549	615
550	584
551	774
552	937
553	336
554	687
555	175
556	515
557	751
558	556
559	646
560	251
561	639
562	144
563	321
564	365
565	872
566	848
567	900
568	594
569	646
570	569
571	160
572	544
573	677
574	221
575	658
576	282
577	732
578	429
579	923
580	176
581	796
582	661
583	586
584	116
585	378
586	973
587	420
588	251
589	984
590	289
591	530
592	942
593	450
594	800
595	148
596	557
597	253
598	920
599	692
600	435
601	253
602	866
603	807
604	989
605	631
606	499
607	231
608	581
609	603
610	599
611	497
612	345
613	280
614	288
615	909
616	637
617	136
618	266
619	138
620	381
621	638
622	173
623	207
624	988
625	145
626	624
627	248
628	578
629	250
630	697
631	878
632	336
633	208
634	130
635	370
636	850
637	403
638	972
639	221
640	398
641	370
642	106
643	125
644	797
645	197
646	705
647	897
648	984
649	657
650	579
651	140
652	566
653	298
654	437
655	702
656	982
657	666
658	340
659	467
660	495
661	660
662	590
663	884
664	290
665	350
666	598
667	610
668	546
669	219
670	175
671	770
672	651
673	672
674	118
675	112
676	741
677	487
678	693
679	727
680	886
681	334
682	569
683	670
684	474
685	811
686	338
687	584
688	242
689	277
690	523
691	183
692	148
693	256
694	690
695	686
696	388
697	910
698	883
699	853
700	774
701	645
702	645
703	356
704	425
705	632
706	624
707	591
708	922
709	959
710	230
711	486
712	208
713	835
714	682
715	201
716	605
717	576
718	294
719	985
720	480
721	310
722	725
723	533
724	253
725	205
726	483
727	256
728	269
729	902
730	782
731	947
732	301
733	444
734	820
735	469
736	306
737	569
738	124
739	715
740	788
741	777
742	769
743	169
744	760
745	649
746	423
747	752
748	644
749	264
750	644
751	928
752	694
753	358
754	622
755	565
756	139
757	517
758	591
759	121
760	597
761	337
762	905
763	847
764	276
765	953
766	662
767	606
768	534
769	444
770	941
771	770
772	384
773	865
774	344
775	812
776	231
777	565
778	348
779	838
780	739
781	554
782	632
783	989
784	386
785	871
786	494
787	811
788	201
789	317
790	240
791	364
792	255
793	855
794	735
795	418
796	669
797	785
798	300
799	696
800	283
801	332
802	360
803	913
804	681
805	246
806	596
807	446
808	757
809	368
810	685
811	335
812	301
813	999
814	318
815	888
816	304
817	591
818	121
819	793
820	990
821	139
822	348
823	734
824	974
825	291
826	506
827	372
828	539
829	657
830	707
831	149
832	768
833	207
834	890
835	134
836	511
837	697
838	525
839	174
840	599
841	263
842	179
843	178
844	633
845	918
846	912
847	891
848	710
849	508
850	611
851	345
852	718
853	850
854	545
855	989
856	478
857	961
858	615
859	720
860	320
861	344
862	997
863	725
864	473
865	868
866	951
867	851
868	946
869	837
870	374
871	579
872	462
873	730
874	557
875	479
876	579
877	511
878	836
879	754
880	775
881	840
882	152
883	269
884	190
885	997
886	911
887	568
888	259
889	175
890	347
891	363
892	738
893	353
894	444
895	638
896	506
897	582
898	190
899	216
900	891
901	331
902	328
903	150
904	127
905	792
906	430
907	674
908	506
909	397
910	104
911	678
912	891
913	942
914	784
915	504
916	764
917	674
918	342
919	277
920	976
921	771
922	438
923	490
924	150
925	233
926	732
927	573
928	282
929	947
930	515
931	559
932	104
933	730
934	343
935	240
936	712
937	122
938	203
939	793
940	201
941	482
942	438
943	697
944	721
945	332
946	100
947	335
948	735
949	226
950	545
951	606
952	781
953	283
954	452
955	117
956	207
957	695
958	328
959	941
960	626
961	389
962	164
963	250
964	643
965	225
966	203
967	340
968	863
969	459
970	927
971	251
972	602
973	849
974	199
975	288
976	159
977	850
978	277
979	615
980	942
981	962
982	350
983	277
984	164
985	125
986	891
987	844
988	944
989	572
990	777
991	245
992	804
993	483
994	587
995	988
996	435
997	334
998	696
999	790
1000	360
