1	803
2	195
3	159
4	206
5	378
6	772
7	894
8	335
9	585
10	647
11	302
12	955
13	227
14	625
15	497
16	958
17	234
18	717
19	347
20	745
21	417
22	575
23	724
24	680
25	223
26	965
27	412
28	236
29	362
30	669
31	223
32	101
33	905
34	888
35	922
36	125
37	986
38	244
39	213
40	633
41	191
42	298
43	584
44	132
45	265
46	249
47	827
48	928
49	578
50	166
51	825
52	202
53	739
54	117
55	120
56	637
57	423
58	148
59	408
60	488
61	826
62	461
63	755
64	554
65	380
66	994
67	188
68	543
69	553
70	580
71	786
72	111
73	376
74	527
75	406
76	145
77	312
78	691
79	974
80	631
81	477
82	852
83	101
84	834
85	270
86	146
87	119
88	458
89	365
90	605
91	402
92	221
93	214
94	174
95	493
96	708
97	440
98	275
99	145
100	204
101	704
102	167
103	707
104	130
105	612
106	251
107	386
108	918
109	363
110	111
111	341
112	960
113	243
114	277
115	450
116	176
117	533
118	414
119	421
120	198
121	260
122	215
123	715
124	396
125	870
126	488
127	242
128	362
129	549
130	452
131	612
132	922
133	253
134	393
135	235
136	182
137	395
138	501
139	316
140	669
141	542
142	143
143	156
144	641
145	935
146	880
147	433
148	266
149	112
150	533
151	937
152	787
153	731
154	972
155	526
156	271
157	321
158	539
159	817
160	258
161	996
162	196
163	226
164	378
165	617
166	999
167	863
168	502
169	304
170	149
171	623
172	245
173	493
174	183
175	127
176	483
177	294
178	185
179	237
180	114
181	618
182	390
183	515
184	904
185	830
186	756
187	804
188	498
189	229
190	857
191	259
192	592
193	287
194	229
195	539
196	455
197	654
198	154
199	111
200	418
201	574
202	841
203	453
204	483
205	793
206	891
207	713
208	654
209	600
210	974
211	938
212	990
213	292
214	784
215	405
216	390
217	776
218	646
219	251
220	145
221	275
222	240
223	273
224	653
225	873
226	562
227	451
228	493
229	719
230	149
231	950
232	517
233	797
234	464
235	481
236	695
237	100
238	721
239	227
240	884
241	557
242	977
243	397
244	246
245	428
246	686
247	733
248	280
249	418
250	737
251	474
252	247
253	360
254	942
255	287
256	492
257	687
258	653
259	761
260	663
261	656
262	732
263	741
264	544
265	754
266	338
267	548
268	981
269	618
270	783
271	261
272	888
273	898
274	801
275	172
276	652
277	322
278	128
279	811
280	357
281	630
282	701
283	586
284	376
285	338
286	593
287	742
288	104
289	222
290	694
291	847
292	177
293	707
294	748
295	206
296	218
297	563
298	930
299	216
300	262
301	290
302	917
303	537
304	121
305	323
306	373
307	961
308	166
309	544
310	613
311	571
312	541
313	418
314	559
315	122
316	842
317	872
318	546
319	309
320	645
321	822
322	415
323	970
324	214
325	847
326	919
327	924
328	283
329	157
330	493
331	457
332	839
333	517
334	503
335	279
336	451
337	652
338	112
339	968
340	828
341	141
342	355
343	418
344	687
345	566
346	791
347	393
348	611
349	911
350	941
351	520
352	471
353	505
354	822
355	299
356	775
357	348
358	541
359	346
360	171
361	785
362	236
363	164
364	585
365	598
366	389
367	719
368	962
369	513
370	526
371	795
372	772
373	358
374	542
375	413
376	629
377	298
378	854
379	655
380	862
381	797
382	499
383	736
384	402
385	811
386	755
387	571
388	465
389	265
390	713
391	545
392	399
393	442
394	708
395	981
396	649
397	501
398	550
399	620
400	180
401	947
402	232
403	455
404	871
405	487
406	119
407	580
408	427
409	467
410	644
411	807
412	651
413	196
414	145
415	533
416	209
417	366
418	872
419	964
420	994
421	746
422	581
423	981
424	695
425	318
426	218
427	665
428	795
429	254
430	669
431	124
432	326
433	442
434	506
435	216
436	805
437	241
438	702
439	538
440	857
441	670
442	368
443	712
444	915
445	751
446	545
447	515
448	729
449	386
450	658
451	401
452	206
453	370
454	117
455	495
456	134
457	678
458	673
459	174
460	364
461	461
462	941
463	332
464	988
465	995
466	150
467	768
468	749
469	555
470	918
471	257
472	514
473	188
474	650
475	646
476	593
477	865
478	779
479	652
480	803
481	491
482	158
483	985
484	638
485	208
486	415
487	432
488	214
489	561
490	146
491	171
492	354
493	347
494	402
495	400
496	227
497	888
498	493
499	911
500	593
501	106
502	862
503	142
504	347
505	951
506	159
507	172
508	172
509	603
510	832
511	646
512	741
513	155
514	139
515	842
516	294
517	907
518	621
519	781
520	949
521	407
522	962
523	465
524	337
525	527
526	891
527	269
528	398
529	304
530	710
531	871
532	284
533	167
534	490
535	435
536	315
537	825
538	656
539	832
540	967
541	524
542	714
543	514
544	610
545	376
546	670
547	711
548	754
549	907
550	477
551	147
552	790
553	415
554	918
555	566
556	992
557	594
558	425
559	912
560	708
561	854
562	568
563	445
564	390
565	676
566	927
567	852
568	771
569	630
570	582
571	976
572	111
573	737
574	704
575	503
576	547
577	170
578	836
579	837
580	200
581	270
582	400
583	446
584	367
585	910
586	920
587	472
588	565
589	541
590	310
591	312
592	786
593	840
594	701
595	964
596	196
597	138
598	605
599	435
600	467
601	578
602	551
603	703
604	184
605	179
606	914
607	330
608	402
609	494
610	467
611	809
612	170
613	249
614	878
615	118
616	164
617	255
618	250
619	779
620	554
621	600
622	768
623	458
624	889
625	636
626	404
627	284
628	516
629	248
630	626
631	339
632	191
633	535
634	984
635	740
636	156
637	622
638	190
639	443
640	493
641	291
642	303
643	507
644	843
645	369
646	300
647	181
648	211
649	171
650	154
651	315
652	823
653	415
654	394
655	178
656	523
657	195
658	152
659	605
660	441
661	839
662	449
663	534
664	320
665	517
666	860
667	631
668	967
669	102
670	624
671	807
672	803
673	861
674	569
675	383
676	136
677	240
678	199
679	593
680	903
681	493
682	463
683	302
684	334
685	230
686	338
687	781
688	901
689	387
690	753
691	308
692	599
693	458
694	104
695	338
696	404
697	497
698	292
699	770
700	519
701	974
702	599
703	822
704	393
705	554
706	696
707	165
708	239
709	695
710	832
711	446
712	447
713	444
714	927
715	636
716	811
717	506
718	611
719	240
720	414
721	952
722	915
723	425
724	353
725	764
726	823
727	977
728	774
729	451
730	633
731	137
732	601
733	193
734	660
735	358
736	635
737	496
738	144
739	485
740	865
741	649
742	577
743	192
744	632
745	143
746	981
747	904
748	721
749	868
750	213
751	188
752	233
753	485
754	443
755	526
756	614
757	350
758	512
759	260
760	775
761	617
762	303
763	579
764	540
765	522
766	605
767	118
768	582
769	632
770	368
771	234
772	834
773	487
774	959
775	480
776	223
777	522
778	641
779	711
780	291
781	171
782	194
783	545
784	238
785	247
786	962
787	240
788	584
789	496
790	227
791	994
792	823
793	189
794	739
795	504
796	968
797	354
798	403
799	424
800	652
801	495
802	700
803	436
804	773
805	276
806	199
807	328
808	281
809	788
810	714
811	247
812	437
813	391
814	630
815	666
816	566
817	996
818	562
819	992
820	125
821	338
822	998
823	709
824	187
825	729
826	877
827	502
828	626
829	876
830	441
831	236
832	246
833	206
834	758
835	258
836	648
837	897
838	489
839	917
840	709
841	594
842	538
843	167
844	130
845	842
846	533
847	720
848	690
849	943
850	372
851	770
852	546
853	371
854	854
855	517
856	395
857	809
858	851
859	196
860	586
861	845
862	187
863	884
864	984
865	790
866	378
867	435
868	219
869	915
870	192
871	614
872	623
873	644
874	451
875	803
876	277
877	725
878	678
879	592
880	520
881	241
882	554
883	820
884	225
885	772
886	197
887	697
888	771
889	770
890	526
891	712
892	596
893	592
894	688
895	133
896	269
897	227
898	678
899	623
900	617
901	856
902	666
903	108
904	741
905	820
906	881
907	698
908	637
909	986
910	364
911	801
912	824
913	287
914	125
915	854
916	347
917	846
918	179
919	995
920	489
921	520
922	943
923	175
924	157
925	856
926	987
927	873
928	378
929	518
930	837
931	581
932	749
933	524
934	713
935	587
936	614
937	330
938	755
939	767
940	552
941	118
942	689
943	957
944	288
945	561
946	605
947	800
948	976
949	506
950	423
951	262
952	856
953	241
954	605
955	234
956	717
957	935
958	167
959	229
960	673
961	583
962	510
963	671
964	230
965	136
966	258
967	329
968	558
969	791
970	650
971	580
972	810
973	972
974	860
975	235
976	887
977	181
978	888
979	964
980	940
981	165
982	552
983	807
984	621
985	433
986	975
987	209
988	899
989	670
990	517
991	499
992	840
993	184
994	653
995	787
996	733
997	785
998	641
999	519
1000	235
