1	755
2	167
3	627
4	890
5	977
6	378
7	930
8	569
9	667
10	525
11	295
12	828
13	844
14	689
15	970
16	803
17	419
18	415
19	976
20	918
21	555
22	189
23	649
24	896
25	806
26	878
27	131
28	413
29	518
30	638
31	958
32	691
33	675
34	935
35	136
36	826
37	948
38	738
39	168
40	448
41	803
42	236
43	473
44	110
45	630
46	692
47	508
48	140
49	364
50	134
51	382
52	570
53	936
54	731
55	226
56	184
57	165
58	632
59	102
60	576
61	624
62	169
63	648
64	768
65	949
66	770
67	760
68	637
69	412
70	170
71	548
72	773
73	604
74	344
75	504
76	647
77	573
78	129
79	686
80	203
81	617
82	180
83	868
84	421
85	228
86	300
87	268
88	341
89	865
90	210
91	727
92	578
93	904
94	125
95	558
96	621
97	734
98	201
99	388
100	139
101	105
102	856
103	519
104	387
105	514
106	163
107	804
108	952
109	405
110	562
111	178
112	452
113	793
114	323
115	225
116	450
117	456
118	465
119	646
120	509
121	565
122	828
123	716
124	417
125	178
126	352
127	726
128	333
129	319
130	642
131	305
132	217
133	471
134	651
135	191
136	388
137	472
138	731
139	741
140	795
141	468
142	182
143	232
144	334
145	970
146	650
147	778
148	974
149	114
150	394
151	786
152	478
153	955
154	385
155	921
156	204
157	742
158	175
159	106
160	633
161	293
162	614
163	778
164	527
165	185
166	589
167	329
168	966
169	492
170	181
171	127
172	767
173	744
174	467
175	560
176	663
177	972
178	603
179	587
180	467
181	894
182	866
183	569
184	328
185	347
186	654
187	542
188	729
189	303
190	671
191	674
192	800
193	941
194	296
195	463
196	121
197	299
198	906
199	663
200	257
201	562
202	154
203	934
204	260
205	112
206	468
207	860
208	736
209	778
210	942
211	166
212	800
213	255
214	415
215	557
216	293
217	886
218	299
219	757
220	664
221	355
222	868
223	963
224	383
225	969
226	900
227	544
228	102
229	524
230	898
231	228
232	619
233	772
234	726
235	235
236	176
237	325
238	316
239	761
240	166
241	256
242	530
243	431
244	101
245	405
246	693
247	648
248	859
249	697
250	724
251	476
252	274
253	368
254	462
255	614
256	249
257	946
258	670
259	991
260	197
261	220
262	797
263	623
264	742
265	768
266	968
267	472
268	461
269	323
270	462
271	892
272	945
273	919
274	551
275	877
276	247
277	416
278	362
279	745
280	374
281	642
282	436
283	421
284	872
285	303
286	967
287	665
288	261
289	679
290	110
291	644
292	961
293	527
294	275
295	509
296	571
297	330
298	625
299	144
300	558
301	655
302	228
303	575
304	729
305	715
306	840
307	669
308	179
309	257
310	910
311	762
312	998
313	517
314	444
315	224
316	881
317	663
318	788
319	455
320	771
321	405
322	231
323	227
324	805
325	412
326	771
327	211
328	169
329	170
330	222
331	928
332	995
333	939
334	198
335	247
336	749
337	727
338	953
339	873
340	237
341	560
342	992
343	850
344	464
345	860
346	874
347	265
348	236
349	953
350	416
351	155
352	747
353	415
354	128
355	181
356	442
357	143
358	845
359	264
360	591
361	265
362	497
363	619
364	693
365	244
366	328
367	503
368	446
369	415
370	549
371	594
372	429
373	806
374	894
375	944
376	275
377	498
378	516
379	120
380	500
381	178
382	652
383	827
384	621
385	899
386	180
387	523
388	370
389	489
390	758
391	174
392	490
393	207
394	258
395	693
396	795
397	391
398	973
399	469
400	436
401	269
402	906
403	558
404	717
405	433
406	925
407	542
408	617
409	607
410	188
411	840
412	711
413	261
414	150
415	207
416	862
417	219
418	972
419	934
420	370
421	345
422	972
423	108
424	147
425	679
426	761
427	604
428	627
429	487
430	555
431	890
432	290
433	195
434	359
435	604
436	634
437	178
438	934
439	505
440	905
441	903
442	937
443	260
444	654
445	683
446	393
447	407
448	773
449	604
450	652
451	167
452	135
453	878
454	880
455	101
456	326
457	660
458	419
459	396
460	180
461	680
462	644
463	256
464	151
465	824
466	757
467	108
468	920
469	935
470	946
471	583
472	548
473	559
474	651
475	221
476	752
477	553
478	990
479	554
480	218
481	568
482	597
483	185
484	118
485	906
486	460
487	406
488	456
489	249
490	533
491	849
492	117
493	740
494	466
495	144
496	766
497	544
498	659
499	433
500	887
501	144
502	234
503	766
504	843
505	242
506	807
507	529
508	393
509	901
510	594
511	444
512	669
513	164
514	522
515	617
516	813
517	595
518	350
519	244
520	630
521	124
522	449
523	241
524	208
525	661
526	640
527	889
528	149
529	860
530	439
531	397
532	509
533	103
534	206
535	160
536	790
537	780
538	838
539	334
540	968
541	896
542	753
543	822
544	178
545	146
546	998
547	647
548	454
549	882
550	357
551	405
552	240
553	310
554	136
555	342
556	687
557	598
558	835
559	174
560	366
561	278
562	430
563	978
564	937
565	301
566	320
567	587
568	336
569	252
570	829
571	630
572	148
573	589
574	981
575	292
576	278
577	472
578	807
579	223
580	143
581	427
582	877
583	650
584	431
585	992
586	296
587	928
588	233
589	116
590	357
591	857
592	146
593	114
594	181
595	328
596	737
597	785
598	528
599	510
600	243
601	299
602	832
603	688
604	774
605	282
606	352
607	550
608	504
609	824
610	814
611	593
612	199
613	884
614	956
615	959
616	479
617	832
618	895
619	829
620	480
621	374
622	758
623	110
624	318
625	624
626	648
627	728
628	452
629	345
630	339
631	889
632	377
633	971
634	414
635	109
636	182
637	119
638	228
639	137
640	344
641	450
642	869
643	562
644	338
645	705
646	166
647	287
648	696
649	930
650	817
651	986
652	851
653	233
654	568
655	390
656	473
657	968
658	306
659	458
660	195
661	324
662	810
663	449
664	929
665	287
666	223
667	201
668	445
669	806
670	900
671	125
672	511
673	940
674	530
675	183
676	975
677	861
678	704
679	958
680	162
681	896
682	448
683	550
684	814
685	679
686	157
687	834
688	346
689	290
690	486
691	292
692	163
693	557
694	464
695	189
696	255
697	324
698	183
699	185
700	844
701	952
702	262
703	122
704	843
705	220
706	917
707	161
708	245
709	889
710	726
711	675
712	977
713	556
714	880
715	396
716	563
717	486
718	521
719	580
720	531
721	829
722	137
723	327
724	471
725	931
726	427
727	900
728	146
729	937
730	613
731	825
732	467
733	939
734	810
735	805
736	222
737	275
738	482
739	592
740	263
741	574
742	497
743	958
744	141
745	977
746	644
747	564
748	130
749	193
750	484
751	510
752	715
753	450
754	715
755	625
756	323
757	473
758	797
759	924
760	515
761	893
762	870
763	179
764	124
765	715
766	662
767	378
768	331
769	691
770	913
771	825
772	992
773	940
774	670
775	510
776	564
777	319
778	767
779	625
780	517
781	911
782	443
783	718
784	841
785	705
786	497
787	289
788	997
789	263
790	834
791	423
792	619
793	142
794	919
795	381
796	895
797	512
798	104
799	252
800	619
801	532
802	657
803	441
804	653
805	979
806	789
807	504
808	686
809	716
810	149
811	276
812	552
813	653
814	920
815	908
816	690
817	717
818	814
819	359
820	960
821	268
822	272
823	482
824	501
825	500
826	426
827	242
828	202
829	886
830	266
831	152
832	704
833	430
834	372
835	469
836	845
837	900
838	718
839	196
840	543
841	974
842	176
843	151
844	272
845	787
846	448
847	113
848	599
849	286
850	817
851	636
852	206
853	905
854	868
855	638
856	856
857	272
858	776
859	682
860	702
861	291
862	213
863	654
864	297
865	413
866	500
867	319
868	199
869	201
870	493
871	865
872	836
873	302
874	547
875	168
876	933
877	123
878	882
879	238
880	588
881	526
882	565
883	329
884	324
885	330
886	959
887	227
888	421
889	784
890	121
891	481
892	506
893	965
894	571
895	535
896	246
897	645
898	868
899	344
900	857
901	470
902	402
903	972
904	444
905	463
906	729
907	791
908	741
909	911
910	332
911	829
912	629
913	220
914	735
915	729
916	283
917	946
918	156
919	861
920	797
921	554
922	343
923	362
924	730
925	655
926	176
927	660
928	216
929	600
930	513
931	120
932	771
933	312
934	385
935	556
936	451
937	951
938	743
939	925
940	712
941	677
942	725
943	371
944	228
945	507
946	762
947	904
948	549
949	843
950	663
951	129
952	689
953	478
954	750
955	990
956	661
957	755
958	140
959	888
960	183
961	259
962	434
963	564
964	628
965	392
966	567
967	439
968	298
969	694
970	367
971	530
972	852
973	476
974	284
975	504
976	937
977	790
978	801
979	825
980	221
981	757
982	713
983	825
984	272
985	247
986	998
987	305
988	351
989	276
990	953
991	803
992	358
993	629
994	263
995	862
996	207
997	614
998	206
999	771
1000	469
